-5.940715019243378650e-03
1.031150640335768559e-03
-2.208222747596905525e-02
1.198436414780345433e-02
-1.914021429685833914e-04
8.825369321317911089e-03
-3.556449248415605516e-04
-1.299746517502106333e-03
-1.837808348290406735e-04
1.464975492691124315e-02
7.333547356965747915e-03
8.558248520022276179e-03
-5.002371032886879232e-03
5.044810562563828427e-02
-1.120123917165655267e-03
-2.161370626745096057e-11
-4.172938411269148246e-03
1.277680579723380720e-02
-1.087746903742062288e-02
-1.486945623963967233e-03
4.061926581639208576e-03
1.152193866941394508e-02
-9.290025954254137880e-03
-4.796077520164633741e-03
-1.615613392336388843e-02
-1.065877499700715672e-02
-2.592883914373385335e-02
-2.682524163029473621e-02
2.358692779243106580e-03
-2.247769887749507395e-02
4.403281224997864299e-03
-3.244947552133213564e-02
