-8.721036891822697007e-03
2.299992672836800867e-03
-1.731198325034348853e-02
-2.370618644667379926e-04
-3.146718843562736762e-03
7.110773928905208749e-03
-1.726357004330637823e-03
-4.331606884823539089e-03
3.115455932625089616e-03
2.418984487122830679e-02
1.657733620483100440e-02
2.411804304147110306e-02
-2.450659746907016961e-02
2.539147491198794765e-02
-3.360371751496960598e-03
3.995042684658896715e-04
-1.256610324942214127e-02
9.535218400866496066e-03
-1.284736300806310627e-02
9.588105855723949578e-03
2.401508808525935554e-03
1.560591231867493670e-02
-1.896434039761722701e-02
-9.171040816416458838e-03
-1.454245115698631768e-02
-8.283566542708061670e-03
-2.213113341715879784e-02
-1.012342300193716516e-02
1.749153779230329820e-03
-1.044391670266368519e-02
4.951820944333234012e-03
-2.493393021692820802e-02
