-3.558241550000000152e-03
3.116587750000000129e-03
-1.233717389999999976e-02
5.425908689999999965e-03
-1.758765100000000059e-03
9.707176830000000672e-03
5.382328439999999568e-03
2.639862819999999740e-04
5.818125910000000213e-03
1.934391170000000076e-02
6.068587690000000132e-03
1.899136090000000041e-02
-5.365097919999999888e-03
5.610058989999999746e-02
-1.244582129999999959e-04
6.989024640000000216e-12
1.026839789999999973e-03
1.486717270000000035e-02
-1.021891179999999920e-02
1.374824559999999899e-03
2.087622480000000166e-03
1.553433050000000044e-02
-1.645710179999999856e-02
-1.874272020000000011e-02
-1.117707599999999933e-02
-1.043385330000000041e-02
-1.904436040000000163e-02
-2.980248830000000165e-03
-4.033199480000000258e-04
-1.772688680000000100e-02
3.372167939999999847e-03
-2.800895999999999941e-02
