5.609216329999999967e-04
1.474799329999999927e-03
-1.822788109999999920e-02
2.678955939999999938e-03
-7.326189930000000282e-05
1.260876049999999984e-02
8.558162160000000462e-03
2.036031839999999891e-03
2.856853559999999841e-03
-4.143257610000000181e-03
1.429977089999999972e-02
2.353405550000000138e-02
-1.163622159999999975e-02
4.764185170000000136e-02
-4.581678950000000160e-03
1.972569519999999910e-11
7.036846880000000200e-03
1.455774380000000000e-02
-1.428123180000000041e-02
-2.193724949999999868e-03
2.078216869999999911e-03
2.093878539999999983e-02
-1.891623029999999969e-02
-2.212603570000000117e-02
-1.191696889999999988e-02
-8.288641140000000546e-03
-1.434278100000000063e-02
1.049689690000000022e-02
5.048776500000000432e-04
-1.499799410000000020e-02
4.241624410000000359e-03
-2.878651210000000155e-02
