-9.229134550000000353e-03
4.411016640000000287e-03
-7.399962520000000037e-03
7.673870880000000123e-03
-2.434034949999999958e-03
1.027161709999999985e-02
-8.097755199999999735e-04
-5.103431600000000274e-04
1.936444530000000150e-02
2.696234730000000163e-02
7.215099459999999888e-03
1.563775410000000157e-02
1.932248950000000015e-03
5.236290930000000315e-02
-3.733746389999999878e-04
-5.925432880000000013e-12
-5.387581829999999947e-03
1.144748230000000068e-02
-7.818541499999999769e-03
3.839093349999999922e-03
4.461688170000000300e-03
8.873108819999999536e-03
-1.831812060000000131e-02
-2.005339429999999923e-02
-1.684379739999999903e-02
-1.057256950000000015e-02
-1.444600820000000070e-02
-3.078026700000000004e-02
6.715160020000000320e-04
-1.904307959999999855e-02
1.529133470000000085e-03
-2.982567159999999912e-02
