7.786654869999999617e-03
6.538403840000000253e-04
-8.790967539999999802e-03
1.492142080000000018e-03
-3.671480359999999940e-04
1.211789180000000070e-02
5.044618009999999805e-03
-4.629668489999999755e-03
-2.893399860000000091e-03
4.423141700000000030e-03
9.693522309999999184e-03
1.925228530000000146e-02
-1.847299540000000087e-02
3.227299210000000168e-02
-1.527226320000000040e-03
-2.001965090000000115e-11
-4.433697730000000017e-03
1.801660620000000018e-02
-1.232900930000000068e-02
-1.594951119999999875e-02
2.971570450000000137e-03
3.000650410000000115e-02
-1.893797839999999955e-02
-1.735517209999999991e-02
-2.260990419999999931e-02
-4.539263749999999584e-03
-1.768576129999999830e-02
-4.129074630000000024e-03
8.530498360000000045e-05
-1.949583820000000065e-02
3.660438619999999924e-03
-2.800899839999999863e-02
