9.436804879999999979e-03
7.135129280000000003e-04
-1.802900039999999829e-02
1.225275890000000062e-02
-1.878128759999999958e-03
8.697222109999999673e-03
-9.330550229999999903e-03
-3.508707370000000055e-03
-6.841661090000000257e-03
-8.216192090000000274e-04
1.205017419999999950e-02
1.323627380000000006e-02
-2.246508880000000138e-02
1.361943600000000039e-02
-5.090754399999999772e-04
-6.019215579999999986e-12
9.570607210000000101e-03
2.234373120000000129e-02
-7.468785139999999795e-03
-1.595062389999999872e-02
6.418941430000000073e-03
2.865655979999999839e-02
-1.232364939999999916e-02
-2.280588949999999906e-02
-1.621380310000000019e-02
-1.279017139999999962e-02
-1.471231249999999970e-02
-3.956178840000000412e-03
2.217866760000000194e-03
-2.649545149999999946e-02
2.876684320000000034e-03
-3.657140550000000101e-02
